[app/ui]
version = 6.1.3
modtime = 1410441034.009122000

[app/launcher]
version = 6.1.3
modtime = 1410441034.010740000

